0.5855 0.5855 1 0 3
0.9777 0.9111 1 0 3
0.3782 0.3666 0 0 3
0.6179 0.6179 0 1 1
0.4507 0.4487 0 1 3
0.6548 0.6517 0 1 2
0.4740 0.4740 1 0 2
0.2500 0.1645 1 0 3
0.4690 0.4690 1 0 1
0.6647 0.6647 0 1 1
0.4297 0.4297 1 0 1
0.8909 0.8909 0 0 3
0.5619 0.5619 1 0 2
0.7207 0.4169 1 0 3
0.9936 0.9936 1 0 3
0.5040 0.5040 1 0 3
0.9961 0.9914 1 0 3
1.0000 0.9692 1 0 2
1.0000 1.0000 1 0 3
1.0000 0.9997 1 0 3
1.0000 0.9999 1 0 3
0.8730 0.8723 1 0 3
0.4219 0.4217 0 0 1
0.0000 0.7500 1 0 5
0.4961 0.4660 1 0 1
0.5405 0.5405 0 0 3
0.3843 0.3843 0 1 3
1.0000 1.0000 1 0 3
0.9402 0.9345 1 0 1
0.6965 0.6965 0 1 3
0.5610 0.5610 0 0 2
0.4607 0.3947 1 0 1
0.4907 0.4907 1 0 3
0.3791 0.3742 1 0 1
0.3257 0.3257 0 0 1
1.0000 0.9994 1 0 3
0.6481 0.6023 1 0 1
0.4641 0.4641 0 1 1
0.3056 0.3056 0 0 2
0.9753 0.9749 1 0 3
0.5662 0.5437 1 0 2
0.2941 0.1399 0 0 1
0.1436 0.1285 0 1 2
0.4351 0.4351 1 0 2
0.5858 0.5573 0 0 1
0.2591 0.2591 0 1 3
0.9997 0.6344 1 0 2
0.2906 0.1055 0 0 3
0.7382 0.7377 1 0 1
0.6639 0.6639 0 1 1
0.1749 0.1749 0 1 3
1.0000 0.9257 1 0 2
0.8287 0.8287 1 0 3
0.3798 0.3118 0 0 1
0.4915 0.4915 1 0 2
0.4558 0.4310 1 0 3
0.9945 0.6689 0 1 1
0.6915 0.6915 0 0 1
0.2756 0.2542 0 0 1
0.6815 0.6815 0 0 3
0.2998 0.2568 0 0 1
0.1709 0.1709 0 0 2
0.3122 0.2644 1 0 1
0.3123 0.3123 1 0 3
0.9171 0.8810 0 0 1
0.6803 0.6803 0 0 1
0.2120 0.2120 0 0 3
0.4842 0.4842 0 0 1
0.6089 0.6089 1 0 1
0.7723 0.7723 1 0 3
0.6270 0.6270 1 0 1
0.3813 0.3813 1 0 1
0.9172 0.9172 1 0 3
0.4218 0.4218 0 0 1
0.3099 0.3099 0 1 1
0.4300 0.4300 1 0 2
0.5990 0.5932 1 0 1
0.2481 0.2481 1 0 2
0.3318 0.3286 0 0 1
0.4499 0.4499 0 0 1
0.4362 0.3418 0 0 1
0.3837 0.3837 0 1 1
0.5794 0.5778 0 1 3
0.5761 0.5761 1 0 3
0.4812 0.4749 0 0 1
0.5481 0.5453 0 0 3
0.1311 0.1244 0 0 1
0.4425 0.4425 0 1 2
0.4561 0.3841 1 0 1
0.4349 0.4349 0 1 2
0.4413 0.4413 0 0 1
0.2957 0.2957 0 0 1
0.6074 0.6074 1 0 2
0.6446 0.5389 0 1 1
0.1501 0.1501 0 0 1
0.2672 0.2672 0 0 2
0.3677 0.3677 0 0 1
0.2034 0.1535 0 0 3
0.4406 0.4379 0 0 1
0.5938 0.5938 1 0 2
0.4953 0.4483 0 1 1
0.2637 0.2637 0 0 1
0.5754 0.5411 0 0 1
0.5341 0.4649 0 0 1
0.6685 0.6685 0 1 3
0.3078 0.3078 1 0 1
0.7721 0.7721 0 0 3
0.6763 0.5603 0 0 2
0.5423 0.5423 1 0 1
0.5794 0.5794 1 0 2
0.2001 0.1505 0 0 1
0.3302 0.2827 0 0 1
0.6581 0.6581 0 0 3
0.9953 0.9571 1 0 1
0.5751 0.5751 1 0 3
0.3835 0.3748 0 0 1
0.3808 0.3340 1 0 1
0.9377 0.9377 1 0 1
0.2815 0.2815 0 0 1
0.6853 0.6853 1 0 2
0.2007 0.1970 0 0 1
0.1098 0.1098 0 0 3
0.5685 0.4415 0 0 1
0.3091 0.2915 0 1 1
0.5316 0.5316 0 0 1
0.8532 0.8208 1 0 1
0.4093 0.4093 0 1 1
0.1350 0.1350 0 0 2
0.4220 0.4220 1 0 1
0.3998 0.3998 0 0 2
0.3798 0.3478 0 0 1
0.5489 0.5489 0 0 3
0.8996 0.7744 1 0 2
0.4958 0.4361 1 0 1
0.7125 0.7125 1 0 1
0.4567 0.4567 0 1 1
0.4884 0.4150 1 0 2
0.9020 0.7970 1 0 1
0.9219 0.9219 1 0 1
0.4067 0.4067 1 0 1
0.5305 0.5305 0 1 1
0.4349 0.4202 0 0 2
0.2918 0.2918 1 0 1
0.4741 0.4741 0 1 1
0.5256 0.4272 0 1 1
0.3171 0.3171 1 0 1
0.8827 0.8827 1 0 1
0.4894 0.4894 0 0 1
0.6803 0.5596 0 0 1
0.5675 0.5675 1 0 1
0.6648 0.6648 1 0 1
0.8841 0.8841 1 0 3
0.6686 0.6686 1 0 2
0.4258 0.4129 0 0 1
0.7045 0.5678 1 0 3
0.1720 0.1261 0 0 2
0.2920 0.2887 0 0 1
0.3555 0.3555 0 0 3
0.1853 0.1826 0 0 1
0.5252 0.5252 1 0 1
0.5698 0.5698 1 0 1
0.1331 0.1331 1 0 2
0.5264 0.5264 0 0 1
0.6461 0.4553 0 1 1
0.9964 0.8872 1 0 1
0.7289 0.7289 1 0 1
0.4769 0.4769 0 1 2
0.5777 0.5777 0 0 2
0.6186 0.6186 0 1 2
0.1392 0.1361 0 0 1
0.5483 0.5483 1 0 2
0.3194 0.3194 0 0 2
0.5860 0.5860 1 0 1
0.5444 0.5444 1 0 1
0.5817 0.5817 0 0 2
0.3635 0.3635 1 0 2
0.9733 0.8083 1 0 1
0.1811 0.1811 0 0 1
0.4744 0.3432 0 1 1
0.6704 0.6704 0 1 2
0.6756 0.6756 0 0 1
0.4376 0.4376 0 1 1
0.5809 0.5809 0 1 1
0.5924 0.5924 1 0 1
0.2843 0.2843 0 0 1
0.4952 0.4952 1 0 3
0.4184 0.3603 0 0 3
0.6883 0.6346 0 0 1
0.6430 0.5579 0 0 1
0.1822 0.1822 0 0 1
0.5153 0.5153 0 0 1
0.1776 0.1776 0 0 3
0.5093 0.4793 0 0 3
0.2385 0.2213 0 0 1
0.5936 0.5936 1 0 1
0.2890 0.2890 0 1 1
0.3244 0.3244 0 1 3
0.5948 0.5948 1 0 1
0.7305 0.7305 1 0 3
0.6961 0.6961 1 0 1
0.4613 0.4613 0 1 1
0.6973 0.6973 1 0 2
0.9447 0.9245 0 1 3
0.5265 0.4715 0 0 1
0.4257 0.3279 0 0 1
0.6586 0.6495 1 0 1
0.1669 0.1669 0 0 1
0.5723 0.5723 1 0 1
0.2997 0.2997 0 1 1
0.5686 0.5331 1 0 1
0.3811 0.3811 1 0 1
0.1791 0.1791 0 0 2
0.6454 0.6057 1 0 1
0.9556 0.9556 0 1 2
0.5277 0.5277 0 1 1
0.3531 0.3531 0 1 3
0.4716 0.4714 0 1 2
0.5662 0.5182 1 0 1
0.4413 0.4413 0 0 3
0.5394 0.5369 0 0 2
0.2813 0.2665 0 1 2
0.6991 0.6286 1 0 1
0.2621 0.2621 0 0 1
0.5430 0.5430 0 0 2
0.2231 0.2231 0 1 1
0.5065 0.5065 0 1 1
0.5906 0.5906 0 0 2
0.3010 0.2767 0 0 2
0.2758 0.2758 0 0 2
0.4234 0.4234 0 1 1
0.3656 0.3656 0 0 1
0.2786 0.2366 0 0 1
0.6329 0.6329 0 0 1
0.3030 0.2391 0 0 1
0.4880 0.4043 0 1 1
0.5898 0.5898 0 0 2
0.8691 0.7233 1 0 1
0.4804 0.4804 0 1 1
0.5445 0.5445 0 0 2
0.3883 0.3883 0 0 2
0.2917 0.2665 0 0 2
0.6928 0.5986 0 0 1
0.6242 0.5764 1 0 1
0.2183 0.2183 0 1 1
0.3509 0.2842 0 1 2
0.4306 0.4306 0 1 1
0.5910 0.3404 0 0 1
0.6408 0.6408 1 0 1
0.6876 0.6876 1 0 2
0.4351 0.4351 0 0 3
0.3692 0.3692 0 0 3
0.9725 0.9363 1 0 3
0.5673 0.5547 0 1 1
0.1761 0.1761 0 0 2
0.5099 0.5099 1 0 1
0.5944 0.5944 1 0 2
0.6684 0.5995 0 0 1
0.4092 0.4092 1 0 1
0.3557 0.3557 0 1 1
0.1670 0.1670 0 0 1
0.6303 0.6303 0 0 1
0.4000 0.3974 0 0 3
0.1427 0.1427 0 0 1
0.2542 0.2542 0 0 3
0.1352 0.1276 0 1 1
0.5251 0.5251 1 0 1
0.6962 0.6962 0 1 1
0.2612 0.2612 0 0 2
0.9000 0.8302 1 0 3
0.9548 0.9313 1 0 2
0.2362 0.2337 0 0 1
0.3173 0.3173 1 0 3
0.8329 0.6852 1 0 1
0.9988 0.9988 1 0 2
0.5914 0.5842 0 1 2
0.6926 0.6926 1 0 1
0.1852 0.1852 1 0 1
0.1467 0.1467 0 0 2
0.6016 0.5808 0 1 1
0.6176 0.6176 0 0 3
0.5630 0.5630 1 0 3
0.5988 0.5988 0 0 1
0.2956 0.2224 0 0 1
0.6625 0.6614 1 0 3
0.5152 0.4876 1 0 1
0.9959 0.9959 1 0 3
0.8637 0.5868 0 1 1
0.3790 0.3790 1 0 3
0.9962 0.9811 1 0 3
1.0000 0.8641 1 0 2
1.0000 1.0000 1 0 3
1.0000 0.9997 1 0 3
0.9992 0.9950 1 0 3
0.0000 0.7500 1 0 5
1.0000 0.9980 1 0 3
1.0000 1.0000 1 0 3
1.0000 1.0000 1 0 2
0.7016 0.7016 0 1 1
0.6121 0.6121 0 1 2
0.5727 0.4249 1 0 1
0.2164 0.2164 0 1 1
0.5086 0.5086 0 0 3
0.4879 0.4879 0 1 3
0.5406 0.5406 1 0 1
0.8768 0.8768 1 0 2
0.5921 0.3456 1 0 1
0.2531 0.2531 1 0 1
0.6898 0.6898 0 0 3
0.7103 0.7088 0 1 1
0.3548 0.3548 0 0 3
0.6557 0.6557 1 0 2
0.4751 0.4739 1 0 2
0.2917 0.2091 0 0 3
0.8824 0.8786 1 0 1
0.7397 0.7397 1 0 3
0.9057 0.8660 1 0 1
0.3217 0.3217 0 0 2
0.5036 0.5036 1 0 1
0.4701 0.4701 1 0 3
0.4768 0.3658 1 0 1
0.3209 0.3209 1 0 1
0.3318 0.3318 0 0 3
0.9871 0.9272 1 0 1
0.1530 0.1530 0 0 3
0.6631 0.6375 1 0 3
0.7606 0.7606 1 0 1
0.6327 0.6327 1 0 1
0.3106 0.3106 1 0 1
0.9800 0.9800 1 0 2
0.2882 0.2768 0 0 2
0.3287 0.3026 0 0 1
0.5178 0.5178 0 0 1
0.3514 0.3514 0 0 2
0.5784 0.4251 1 0 1
0.4984 0.4984 1 0 1
0.6590 0.6590 0 0 2
0.4515 0.4515 0 0 1
0.5189 0.5189 0 1 1
0.2845 0.2845 0 0 3
0.6093 0.4410 1 0 1
0.5108 0.5108 1 0 1
0.6154 0.6154 0 1 1
0.4767 0.4759 1 0 1
0.4728 0.4728 1 0 2
0.3137 0.3137 0 0 1
0.5427 0.5427 1 0 1
0.8304 0.8304 1 0 3
0.5223 0.5217 1 0 1
0.7782 0.7782 1 0 1
0.5629 0.5629 0 1 1
0.1652 0.1652 0 0 2
0.4570 0.4515 0 0 2
0.4654 0.4643 0 1 1
0.9771 0.8128 1 0 3
0.5310 0.5302 1 0 1
0.9314 0.9314 1 0 1
0.4001 0.4001 1 0 3
0.5387 0.5386 0 1 1
0.2174 0.2174 0 0 1
0.3662 0.3662 0 1 1
0.6150 0.6150 1 0 1
0.2213 0.2213 0 0 1
0.4844 0.4844 0 1 1
0.4086 0.4086 0 1 1
0.4353 0.4353 1 0 1
0.5244 0.5244 1 0 2
0.4185 0.4185 1 0 1
0.4224 0.4224 1 0 1
0.1462 0.1462 0 0 1
0.2091 0.2091 0 0 1
0.4750 0.4709 1 0 1
0.4379 0.4379 1 0 1
0.3205 0.3205 0 1 3
0.8822 0.8780 1 0 1
0.3098 0.3098 1 0 1
0.3971 0.3971 0 0 3
0.6435 0.6160 0 1 3
0.6098 0.6094 1 0 1
0.6653 0.6653 1 0 1
0.5558 0.5558 0 1 1
0.4317 0.4279 1 0 1
0.5565 0.5565 1 0 1
0.3411 0.3411 0 0 1
0.1507 0.1507 0 1 1
0.4174 0.4174 1 0 1
0.4686 0.4686 0 0 1
0.4812 0.4254 0 1 1
0.2330 0.2330 1 0 1
0.1638 0.1638 1 0 2
0.5375 0.2076 1 0 1
0.1855 0.1855 0 0 2
0.2492 0.2250 1 0 1
0.4569 0.4569 0 1 1
0.5273 0.5273 0 1 1
0.6736 0.6736 1 0 1
0.3417 0.3417 0 0 1
0.2806 0.2806 0 1 1
0.2749 0.2565 1 0 1
0.0931 0.0931 1 0 1
0.5317 0.5317 0 0 1
0.5141 0.5141 0 0 1
0.4127 0.4127 0 1 1
0.6886 0.6886 1 0 3
0.2406 0.2023 1 0 1
0.3922 0.3922 1 0 1
0.8350 0.8350 0 1 3
0.9535 0.7439 1 0 1
0.2390 0.2390 1 0 1
0.1859 0.1859 0 0 1
0.6340 0.6340 1 0 2
0.4267 0.4267 0 1 2
0.6697 0.6697 1 0 3
0.2999 0.2520 0 1 1
0.1416 0.1232 0 0 2
0.5476 0.5476 1 0 1
0.4887 0.4887 1 0 1
0.4956 0.4956 1 0 1
0.4868 0.4868 1 0 1
0.1770 0.1770 0 0 1
0.5977 0.4803 0 1 2
0.2476 0.2456 1 0 1
0.6501 0.6501 1 0 1
0.3283 0.3283 1 0 1
0.4844 0.4844 1 0 1
0.5694 0.5694 1 0 1
0.4613 0.4613 1 0 2
0.5798 0.4139 1 0 3
0.7647 0.7551 1 0 1
0.5326 0.5326 0 0 1
0.4368 0.3123 0 1 1
0.4113 0.3819 0 1 1
0.3295 0.3295 0 0 1
0.3332 0.3332 1 0 1
0.5411 0.5411 0 1 1
0.2037 0.2037 1 0 3
0.6473 0.6007 1 0 2
0.3169 0.3045 0 0 1
0.4859 0.4859 0 0 2
0.3789 0.3362 1 0 1
0.7253 0.7253 1 0 1
0.6577 0.6577 0 1 1
0.6146 0.5950 1 0 1
0.4381 0.4381 0 0 1
0.3880 0.3880 0 0 1
0.9999 0.8950 1 0 1
0.6025 0.6025 1 0 3
0.1522 0.1416 0 0 1
0.2000 0.1563 0 1 1
0.6682 0.6682 1 0 1
0.6105 0.6105 1 0 1
0.2426 0.2426 0 0 1
0.4320 0.4320 0 0 1
0.5253 0.5142 1 0 1
0.2264 0.2264 0 0 2
0.5996 0.5996 0 1 1
0.5486 0.5486 0 1 1
0.9128 0.8109 1 0 1
0.7894 0.7894 1 0 2
0.4305 0.3792 0 0 2
0.5059 0.4233 0 1 1
0.3614 0.3614 1 0 1
0.4308 0.4308 0 0 1
0.3770 0.3770 0 1 1
0.4064 0.4064 0 0 1
0.9998 0.8349 1 0 2
0.5601 0.5601 1 0 1
0.2242 0.2242 0 0 3
0.1611 0.1611 0 0 3
0.6310 0.6310 1 0 2
0.3332 0.3332 0 0 1
0.5046 0.4646 0 1 1
0.2436 0.2436 1 0 1
0.6266 0.6266 1 0 1
0.3602 0.3602 0 0 1
0.3982 0.3829 1 0 1
0.4217 0.4217 0 1 3
0.5283 0.4511 0 1 3
0.5376 0.5376 0 1 2
0.9028 0.7539 1 0 3
0.9994 0.0000 1 0 3
0.9992 0.9986 1 0 3
0.6840 0.6837 0 1 3
0.6894 0.6894 0 0 2
0.4031 0.4031 0 0 3
0.4058 0.3163 0 1 2
0.9997 0.9996 1 0 3
0.9992 0.9490 1 0 3
1.0000 0.9667 1 0 3
1.0000 1.0000 1 0 3
0.9760 0.9755 1 0 3
0.8522 0.7650 1 0 2
0.5729 0.4535 1 0 2
0.5854 0.5444 0 1 3
0.9968 0.7828 1 0 3
0.5284 0.4325 1 0 3
0.9991 0.9834 1 0 3
0.9961 0.9641 1 0 3
0.9053 0.9041 0 1 1
0.6441 0.6441 1 0 3
0.7990 0.7960 1 0 2
0.9892 0.8503 1 0 2
0.6506 0.6492 1 0 1
0.9304 0.9304 0 0 1
0.4574 0.4558 0 1 1
0.5188 0.3166 1 0 2
0.5578 0.5578 0 0 3
0.6514 0.5972 0 1 3
0.5956 0.5956 0 1 1
0.8763 0.8757 0 1 3
0.9965 0.9894 1 0 3
0.9994 0.9979 1 0 3
0.9833 0.9820 1 0 3
0.2716 0.2695 0 0 1
0.6198 0.6198 1 0 3
0.7060 0.5668 0 0 3
0.6521 0.5130 1 0 3
1.0000 0.8597 1 0 1
0.9639 0.9639 1 0 3
0.6836 0.6114 0 1 3
0.6312 0.6312 1 0 1
0.3627 0.3627 0 1 1
0.5548 0.5548 1 0 1
0.1890 0.1890 0 0 1
0.5727 0.5727 0 0 1
0.4646 0.3444 0 0 1
0.6847 0.6847 1 0 1
0.2296 0.2296 0 1 3
0.2636 0.2636 0 0 1
0.3467 0.3467 1 0 1
0.6400 0.6400 1 0 1
0.3258 0.3258 1 0 1
0.1201 0.1201 0 0 1
0.4218 0.4218 1 0 1
0.4561 0.4561 1 0 1
0.3548 0.3548 1 0 1
0.2407 0.2407 1 0 1
0.6204 0.6204 0 0 1
0.2459 0.2459 0 0 1
0.5583 0.5583 0 0 2
0.6165 0.6120 1 0 1
0.7702 0.7702 1 0 1
0.3447 0.3447 1 0 3
0.9841 0.9188 1 0 2
0.8660 0.6300 1 0 3
0.9991 0.9983 1 0 3
0.7270 0.2873 1 0 1
0.9746 0.9746 1 0 3
0.5655 0.5388 0 1 3
0.9751 0.9749 1 0 3
1.0000 0.8472 1 0 3
0.8789 0.8625 1 0 3
0.6623 0.6551 1 0 3
0.6855 0.6801 1 0 2
0.5154 0.5127 0 0 1
0.6790 0.6790 0 0 1
0.6256 0.6254 1 0 2
0.4646 0.4538 1 0 3
0.9991 0.8051 1 0 2
0.4393 0.4391 1 0 3
0.6793 0.6793 1 0 3
0.9740 0.9673 1 0 3
0.9998 0.9929 1 0 3
0.2844 0.2844 0 0 2
1.0000 0.9996 1 0 3
1.0000 1.0000 1 0 3
1.0000 0.9997 1 0 3
1.0000 0.9607 1 0 3
0.0000 0.7500 1 0 5
0.2774 0.2627 0 1 2
0.6754 0.6754 1 0 1
0.2803 0.2803 0 0 3
1.0000 0.9975 1 0 3
0.8333 0.8326 1 0 3
0.3202 0.2057 0 0 2
0.3891 0.3891 0 1 2
0.3728 0.3451 1 0 1
0.1429 0.1429 1 0 3
1.0000 0.9998 1 0 3
0.5314 0.4906 0 1 1
0.4725 0.4725 0 1 1
0.3185 0.3185 1 0 2
0.7256 0.6951 1 0 3
0.4605 0.4251 0 0 2
0.6625 0.6625 0 0 2
0.4514 0.4514 1 0 1
0.4357 0.4357 0 0 3
1.0000 0.9902 1 0 2
0.8307 0.8307 0 0 1
0.4146 0.4145 0 0 1
0.2901 0.2901 1 0 2
0.5205 0.5158 1 0 1
0.5366 0.5366 0 1 3
0.5030 0.4565 1 0 2
0.5773 0.5772 1 0 3
0.6168 0.6134 1 0 1
0.1769 0.1769 0 0 1
0.3251 0.3251 0 0 3
0.5906 0.5893 0 0 3
0.6907 0.6907 0 0 2
0.5934 0.5904 0 1 2
0.6100 0.6100 0 1 3
0.4783 0.4324 0 1 2
0.6806 0.6806 0 0 1
0.9465 0.7843 1 0 3
0.3163 0.2353 0 0 1
0.6105 0.6105 0 0 3
0.1782 0.1547 0 0 3
1.0000 0.9957 1 0 3
0.9966 0.5182 1 0 1
0.2437 0.2437 0 0 2
0.4327 0.4326 0 1 1
0.2542 0.2542 0 0 2
0.2155 0.1430 0 0 1
0.8485 0.8074 0 1 2
0.4305 0.4305 0 0 3
0.6171 0.6171 0 0 3
0.3667 0.3633 0 0 2
0.6321 0.6321 1 0 1
0.6432 0.6432 0 0 2
0.5340 0.5340 1 0 2
0.5066 0.5062 0 0 1
0.6697 0.6256 0 0 2
0.6157 0.6157 0 1 3
0.6051 0.6051 1 0 2
0.3846 0.2601 0 0 1
0.5674 0.5674 0 1 1
0.2898 0.2898 0 0 1
0.4456 0.4456 0 1 3
0.5148 0.5148 0 0 3
0.4838 0.4838 1 0 1
0.5571 0.5571 0 0 3
0.2821 0.2821 0 0 3
0.6824 0.6824 1 0 1
0.4973 0.4973 0 1 1
0.4974 0.3981 0 1 1
0.5894 0.4187 1 0 2
0.7427 0.7366 1 0 1
0.3825 0.3825 1 0 1
0.4960 0.4960 0 0 1
0.3492 0.3492 0 0 1
0.2282 0.2282 0 0 2
0.8722 0.8301 1 0 2
0.6991 0.6989 0 1 2
0.5006 0.4998 1 0 3
0.6426 0.6404 1 0 2
0.3532 0.3364 0 0 3
0.5988 0.5652 0 1 3
0.6627 0.6627 1 0 3
0.5128 0.4434 0 0 1
0.6049 0.5033 0 0 1
0.6597 0.6576 0 0 3
0.6308 0.6205 0 0 3
0.5325 0.5039 0 0 2
0.5365 0.5365 0 0 2
0.6338 0.4456 0 1 1
0.1780 0.1780 0 0 1
0.3728 0.3568 0 0 3
0.8758 0.6035 1 0 1
0.2726 0.2726 0 1 1
0.5307 0.5307 1 0 1
0.9429 0.9429 1 0 1
0.7484 0.7484 0 1 3
0.9439 0.8689 1 0 3
0.3550 0.3013 0 1 1
0.5530 0.5530 1 0 2
0.5522 0.5480 1 0 2
0.8590 0.8564 1 0 2
0.4230 0.4031 0 0 1
0.6723 0.6723 0 0 1
0.9205 0.9143 1 0 1
0.5067 0.5067 0 1 1
0.4140 0.4140 0 1 2
0.6211 0.4852 0 1 2
0.9562 0.9315 1 0 1
0.5208 0.5208 0 1 1
0.5169 0.5169 0 1 1
0.3740 0.3724 1 0 1
0.4342 0.4342 0 0 3
0.6871 0.6871 0 1 2
0.5752 0.5752 0 0 1
0.6963 0.5372 0 0 1
0.5263 0.5263 1 0 1
0.2414 0.2414 0 0 1
0.1423 0.1423 0 0 1
0.3909 0.2069 0 0 3
0.4267 0.4243 1 0 3
0.4527 0.4517 0 0 1
0.4597 0.4597 0 1 1
0.5788 0.5788 1 0 3
0.5454 0.5399 1 0 3
0.7009 0.6927 0 0 3
0.3924 0.3924 1 0 3
0.6911 0.6113 1 0 3
0.2545 0.1308 0 0 3
0.8785 0.6841 1 0 3
0.6681 0.6678 0 1 3
0.9621 0.6533 1 0 1
0.5743 0.5743 1 0 1
0.8140 0.8140 1 0 1
0.6725 0.6725 1 0 2
0.9678 0.9654 1 0 2
0.7775 0.7775 0 0 2
0.8044 0.4611 1 0 1
0.8014 0.8014 0 1 2
0.9971 0.9958 1 0 1
0.4784 0.4784 1 0 1
0.3069 0.3069 0 0 1
0.1955 0.1955 0 0 1
0.1950 0.1950 0 0 2
0.4514 0.4514 0 0 1
0.3448 0.3315 0 0 1
0.5460 0.5460 0 1 1
0.4307 0.4288 0 0 3
0.5350 0.4658 1 0 3
0.2907 0.2747 0 0 1
0.6912 0.6912 0 1 2
0.3928 0.3928 0 0 3
0.5016 0.4336 1 0 3
0.8985 0.8605 0 0 3
0.6633 0.6633 1 0 3
0.9902 0.9884 1 0 3
0.3777 0.3746 1 0 1
0.4049 0.4049 0 0 1
0.3356 0.3356 0 0 1
0.4841 0.3942 0 1 2
0.9305 0.7519 1 0 1
0.8497 0.8497 1 0 2
0.2795 0.2640 0 0 3
0.3149 0.3149 0 0 1
0.6705 0.5791 0 1 2
0.6271 0.6271 1 0 2
0.4262 0.4262 1 0 3
0.8406 0.7916 0 1 2
0.6992 0.6475 0 0 3
0.4421 0.4419 1 0 1
0.8175 0.8175 1 0 1
0.6350 0.6350 1 0 3
0.3544 0.3159 1 0 1
0.9908 0.9908 1 0 3
0.4272 0.4272 0 0 1
0.5729 0.5729 1 0 1
0.9714 0.9714 1 0 2
0.4684 0.4677 1 0 2
0.8913 0.6888 1 0 1
0.4442 0.4442 0 0 1
0.4960 0.4960 0 0 1
0.7223 0.7198 0 0 1
0.4800 0.4510 1 0 1
0.3364 0.3364 0 0 1
0.2297 0.2297 0 0 2
0.3794 0.3794 0 0 1
0.4871 0.4014 1 0 1
0.3783 0.3783 0 0 3
0.5401 0.5401 1 0 1
0.8277 0.8277 1 0 3
0.9873 0.9752 0 1 2
0.9968 0.8292 1 0 1
0.9972 0.9972 1 0 3
0.5408 0.5408 0 1 2
0.9926 0.7787 1 0 3
0.9997 0.9273 1 0 3
1.0000 1.0000 1 0 3
1.0000 0.9963 1 0 3
0.9998 0.9985 1 0 3
1.0000 0.9999 1 0 2
0.7854 0.7852 0 1 3
0.4980 0.4963 0 0 3
0.8597 0.8597 1 0 3
0.9992 0.9988 1 0 3
0.8484 0.8483 1 0 3
0.9185 0.9184 1 0 3
0.9995 0.9995 1 0 3
1.0000 0.9903 1 0 3
1.0000 0.9988 1 0 3
0.9996 0.9994 1 0 3
1.0000 0.9999 1 0 2
0.8944 0.8943 1 0 3
1.0000 0.9999 1 0 3
1.0000 0.9996 1 0 1
0.9984 0.9984 1 0 3
0.5228 0.5227 0 1 3
0.5802 0.5802 0 1 2
0.2398 0.2398 0 0 1
0.0797 0.0797 0 0 1
0.5886 0.5886 0 1 2
0.9997 0.9997 1 0 3
0.9980 0.9980 1 0 3
0.9899 0.9899 1 0 3
0.9666 0.9659 1 0 3
0.9948 0.9948 1 0 3
0.6177 0.6177 1 0 3
0.9979 0.9673 1 0 3
0.9988 0.9953 1 0 3
1.0000 1.0000 1 0 3
0.8956 0.8956 0 0 3
1.0000 0.9999 1 0 1
0.3986 0.3986 0 0 3
0.0000 0.7500 1 0 5
0.6268 0.5405 0 1 3
0.5942 0.5814 0 0 1
0.3411 0.2754 0 1 1
0.6509 0.6429 0 1 3
0.5979 0.4130 1 0 1
0.8695 0.8695 1 0 1
0.9990 0.9990 1 0 1
0.8011 0.8011 0 1 1
0.4398 0.4398 0 0 3
0.3090 0.2784 0 0 3
0.5045 0.5045 0 0 3
0.9990 0.8421 1 0 3
0.9998 0.9861 1 0 3
0.5889 0.5889 0 1 1
0.6847 0.6847 0 0 1
0.6922 0.6922 0 0 3
0.6138 0.6033 1 0 1
0.2214 0.2214 0 0 3
1.0000 0.9995 1 0 3
0.9429 0.9420 1 0 3
1.0000 0.8497 1 0 3
0.6317 0.6291 1 0 1
0.4352 0.4352 1 0 3
0.9320 0.9196 0 0 3
0.9615 0.9488 1 0 2
0.6076 0.4986 1 0 3
0.9999 0.7979 1 0 1
0.8856 0.8856 1 0 3
0.8640 0.8277 0 1 3
0.9980 0.7991 1 0 3
0.4730 0.4730 1 0 3
0.5862 0.5817 0 1 3
0.8542 0.8540 1 0 3
0.8104 0.8103 0 1 3
0.1916 0.1729 0 0 1
0.6484 0.6433 1 0 1
0.5326 0.5326 1 0 3
0.9624 0.8489 0 0 3
0.4228 0.4224 1 0 3
0.9998 0.9299 1 0 1
0.6644 0.6644 1 0 3
1.0000 0.9609 1 0 2
0.4297 0.4296 1 0 1
0.9192 0.9192 0 1 1
0.5472 0.5472 1 0 3
0.9284 0.7840 1 0 3
0.9438 0.8110 1 0 3
1.0000 0.7320 1 0 3
0.6914 0.6507 0 1 1
0.9985 0.6923 1 0 3
0.9308 0.9301 1 0 3
0.9545 0.9526 1 0 2
0.5796 0.5795 0 1 3
0.8904 0.7724 1 0 3
0.8778 0.7678 1 0 3
0.9786 0.9700 1 0 3
1.0000 0.9988 1 0 3
1.0000 0.9999 1 0 3
0.9942 0.9586 1 0 3
1.0000 1.0000 1 0 3
1.0000 1.0000 1 0 3
1.0000 0.9998 1 0 3
1.0000 1.0000 1 0 3
0.9998 0.9998 1 0 3
0.7467 0.7276 1 0 1
0.7569 0.7569 1 0 1
0.3618 0.3618 0 0 3
0.2993 0.2664 0 0 3
0.6754 0.6754 1 0 3
0.5287 0.2288 1 0 3
0.5000 0.3382 0 0 1
0.5752 0.2959 1 0 2
0.4027 0.2398 0 0 2
0.5519 0.5518 0 0 3
0.6183 0.6183 0 0 3
0.3356 0.3356 0 0 1
0.3530 0.3346 0 0 1
0.4270 0.4270 1 0 1
0.2593 0.2593 1 0 2
0.4002 0.3766 1 0 2
0.2704 0.2704 0 0 1
0.3057 0.3057 0 1 1
0.3164 0.2286 0 0 1
0.5927 0.5915 0 1 3
0.9959 0.7615 1 0 3
0.9998 0.9443 1 0 3
1.0000 1.0000 1 0 3
0.2659 0.2487 0 1 1
0.1890 0.1890 0 0 1
0.5876 0.5830 0 1 1
0.4257 0.3045 0 1 1
0.4984 0.4984 0 1 1
0.6705 0.6671 0 0 3
0.5898 0.5898 0 1 2
0.9999 0.8873 1 0 3
1.0000 0.8783 1 0 3
0.9982 0.9916 1 0 3
0.3603 0.3418 0 0 1
0.5975 0.5975 1 0 2
0.3653 0.2521 1 0 1
0.4633 0.4633 0 1 3
0.2412 0.2412 0 0 1
0.6949 0.6949 1 0 1
0.9561 0.9561 1 0 1
0.4597 0.4597 0 0 1
0.5879 0.5879 1 0 1
0.4747 0.4747 1 0 1
0.8158 0.8158 1 0 1
0.6216 0.6216 0 0 1
0.9562 0.5209 0 1 3
0.9991 0.9985 1 0 2
0.6456 0.6432 1 0 3
0.4546 0.4544 0 1 2
0.9977 0.9938 1 0 2
0.5279 0.5275 1 0 3
0.9977 0.5141 1 0 2
0.8735 0.7527 1 0 3
0.9997 0.7910 1 0 1
0.9998 0.9998 1 0 1
0.7080 0.7080 1 0 1
0.4295 0.4295 0 1 3
0.5611 0.5608 0 0 3
0.9945 0.9944 1 0 1
0.9924 0.9924 1 0 3
0.9958 0.9605 1 0 3
1.0000 0.9979 1 0 3
0.9997 0.9993 1 0 3
1.0000 0.9996 1 0 3
0.9998 0.9994 1 0 3
0.9905 0.9663 1 0 3
1.0000 0.9965 1 0 3
0.9897 0.9897 1 0 3
1.0000 1.0000 1 0 3
1.0000 1.0000 1 0 3
0.9897 0.9893 1 0 3
0.9996 0.9073 1 0 3
0.9994 0.9815 1 0 3
0.9999 0.9971 1 0 3
0.9999 0.9973 1 0 3
0.9998 0.9939 1 0 2
0.8465 0.8454 1 0 1
0.2503 0.2503 0 1 1
0.3906 0.3906 1 0 1
0.9923 0.9923 1 0 1
0.3663 0.3663 1 0 1
0.9821 0.9821 1 0 1
0.4451 0.4451 1 0 2
0.2489 0.2486 0 1 3
0.3839 0.3839 1 0 1
0.3111 0.3111 1 0 1
0.2705 0.2705 0 0 1
0.4580 0.4510 0 0 1
0.2439 0.2439 0 0 2
0.6616 0.5216 1 0 1
0.3934 0.3934 0 1 1
0.3679 0.3679 1 0 1
0.5310 0.5310 0 0 1
0.5447 0.5447 1 0 2
0.3656 0.3655 0 0 1
0.8562 0.6164 1 0 1
0.3857 0.3857 1 0 1
0.1806 0.1806 0 0 1
0.3616 0.3616 1 0 1
0.9648 0.9648 1 0 1
0.4194 0.4194 1 0 2
0.5622 0.5444 1 0 1
0.4783 0.4783 1 0 1
0.1515 0.1515 0 0 1
0.3102 0.3102 1 0 2
0.1204 0.1204 0 0 1
1.0000 1.0000 1 0 2
0.2766 0.2766 1 0 1
0.4672 0.4672 1 0 1
0.6530 0.6530 1 0 1
0.3658 0.3658 0 1 1
0.2033 0.2033 0 1 1
0.1171 0.1171 0 0 1
0.1831 0.1831 0 0 1
0.6909 0.6909 0 0 1
0.3582 0.2924 0 0 3
0.6309 0.6309 1 0 3
1.0000 0.9987 1 0 3
1.0000 0.9991 1 0 3
1.0000 0.9999 1 0 3
0.9996 0.9993 1 0 3
0.9987 0.9987 1 0 3
0.9980 0.9980 1 0 3
0.9956 0.7794 1 0 3
1.0000 1.0000 1 0 3
1.0000 0.9998 1 0 3
0.9983 0.9983 1 0 3
1.0000 0.6187 1 0 3
1.0000 1.0000 1 0 3
1.0000 0.9869 1 0 3
0.3024 0.2717 1 0 1
0.6667 0.6667 1 0 1
0.1177 0.1177 0 0 1
0.2812 0.2521 1 0 1
0.3869 0.3869 0 1 1
0.0000 0.7500 0 0 5
0.4047 0.4047 0 0 3
0.8872 0.8541 0 1 1
0.2891 0.2891 0 1 1
0.4026 0.4026 0 0 1
0.2123 0.1334 0 0 2
0.6983 0.6983 1 0 1
0.4214 0.4214 0 1 1
0.4314 0.4314 1 0 1
0.3505 0.3505 0 0 1
0.4239 0.4239 0 0 1
0.8306 0.8199 0 1 1
0.9831 0.8484 1 0 2
0.6501 0.6491 1 0 1
0.4951 0.4951 0 1 3
1.0000 0.9899 1 0 3
0.5082 0.4802 0 1 3
0.9991 0.9911 1 0 1
0.3591 0.3591 0 1 1
0.3790 0.3790 0 0 1
0.6489 0.6489 1 0 1
0.6649 0.6649 0 0 1
0.5364 0.4305 1 0 3
0.6472 0.6472 1 0 1
0.7789 0.7789 1 0 1
0.6416 0.6416 0 0 2
0.3453 0.3372 1 0 3
0.6067 0.6067 0 1 3
0.4812 0.4471 0 1 1
0.1708 0.1515 0 1 1
0.4941 0.4941 1 0 1
0.7796 0.7796 1 0 1
0.4178 0.4178 0 0 1
0.1194 0.1194 1 0 1
0.3714 0.3714 0 1 1
0.2467 0.2467 0 0 1
0.4825 0.4825 0 1 1
0.4114 0.2956 0 0 2
0.6552 0.6552 1 0 3
0.9541 0.9239 1 0 2
0.4042 0.4017 1 0 1
0.5420 0.5420 0 0 1
0.6565 0.6462 0 1 3
0.9926 0.8024 1 0 2
0.4858 0.4830 1 0 3
1.0000 0.9992 1 0 3
0.9653 0.9653 1 0 1
0.4372 0.4372 0 0 1
0.6402 0.6148 1 0 1
0.4962 0.4962 0 0 3
0.9894 0.8883 1 0 3
0.6925 0.6803 1 0 1
0.5311 0.5311 1 0 1
0.6139 0.6139 1 0 1
0.1601 0.1601 0 0 3
0.9739 0.9029 1 0 3
0.8265 0.8146 1 0 3
0.9013 0.8949 1 0 2
0.9982 0.9366 1 0 3
0.6919 0.6875 1 0 3
0.9983 0.9673 1 0 2
0.8144 0.7263 0 1 2
0.9963 0.6436 1 0 3
0.6945 0.6945 0 0 2
0.0000 0.7500 1 0 5
0.9988 0.9895 1 0 3
1.0000 0.9999 1 0 3
1.0000 0.9827 1 0 1
0.9953 0.9953 1 0 3
0.7252 0.6964 1 0 3
1.0000 0.9979 1 0 3
1.0000 1.0000 1 0 3
1.0000 0.9995 1 0 3
1.0000 0.9999 1 0 3
0.9991 0.9819 1 0 3
0.7171 0.7169 1 0 3
1.0000 0.9999 1 0 3
1.0000 1.0000 1 0 3
1.0000 0.9999 1 0 3
1.0000 1.0000 1 0 3
0.8809 0.8182 1 0 3
0.9549 0.0000 1 0 3
1.0000 0.9993 1 0 3
0.9061 0.8786 1 0 1
0.9500 0.9500 1 0 3
0.9997 0.9996 1 0 3
0.9831 0.9538 1 0 1
0.2509 0.2509 0 0 1
0.1585 0.1585 1 0 1
0.9997 0.8619 1 0 3
0.2888 0.2738 0 0 1
1.0000 0.9999 1 0 3
0.9999 0.9998 1 0 3
0.9999 0.9985 1 0 2
0.6089 0.6089 0 0 1
0.0000 0.7500 1 0 5
0.8014 0.3981 1 0 1
0.9895 0.9895 1 0 2
0.4905 0.4582 0 1 3
0.3571 0.2525 0 1 2
0.6356 0.6356 1 0 2
0.5047 0.4894 1 0 1
0.2388 0.2388 1 0 1
0.6957 0.6957 0 0 1
0.4030 0.4030 0 1 1
0.6349 0.6349 0 0 3
0.6824 0.6824 0 1 1
0.4708 0.4708 0 0 3
0.6555 0.6555 0 0 1
0.6896 0.6896 1 0 2
0.8139 0.5167 1 0 1
0.8053 0.8053 1 0 1
0.2764 0.2764 0 0 1
0.5154 0.5154 0 0 2
0.3468 0.3444 0 0 2
0.6438 0.6392 1 0 1
0.7778 0.7778 1 0 1
0.7521 0.7521 0 1 3
0.7928 0.6092 0 1 1
0.7111 0.5001 1 0 2
0.6635 0.6631 1 0 1
0.4042 0.4042 1 0 1
0.2326 0.2326 0 0 1
0.2963 0.2963 1 0 1
0.7775 0.7775 1 0 1
0.5332 0.5332 0 1 1
0.8674 0.8654 1 0 3
0.5774 0.5772 0 0 1
0.5108 0.5108 0 1 1
0.6362 0.6362 0 0 1
0.2746 0.2746 0 0 1
0.3204 0.3204 1 0 1
0.4189 0.4189 0 0 1
0.2624 0.2020 1 0 1
0.8743 0.8743 1 0 3
0.9599 0.9198 1 0 3
0.1188 0.0977 0 0 1
0.2038 0.2029 0 0 3
0.9659 0.9391 1 0 2
0.1615 0.1319 0 0 2
0.9897 0.9855 0 0 1
0.9882 0.7128 1 0 2
0.1327 0.1325 0 0 1
0.2127 0.2127 0 1 1
0.9896 0.9392 0 0 1
0.8785 0.8575 1 0 2
0.3651 0.3628 0 0 1
0.1311 0.1246 0 0 2
0.4708 0.4329 0 0 3
0.1096 0.1071 0 0 1
0.3109 0.3109 0 1 1
0.6586 0.6586 1 0 2
0.1934 0.1886 0 0 3
0.1626 0.1594 0 0 3
0.4336 0.4336 0 0 1
0.1746 0.1464 0 0 1
0.4936 0.4936 1 0 2
0.2929 0.2929 1 0 1
0.3801 0.3801 1 0 1
0.5633 0.5633 0 0 1
0.6035 0.6035 1 0 1
0.3173 0.3173 1 0 1
0.6054 0.6054 0 0 3
0.5985 0.5985 1 0 1
0.9359 0.9359 1 0 1
0.3605 0.3605 0 0 2
0.7830 0.6550 0 0 1
0.4169 0.4169 0 0 1
0.3075 0.3075 0 0 1
0.7180 0.7175 1 0 1
0.3780 0.3780 1 0 2
0.4091 0.2331 0 0 1
0.4573 0.4573 1 0 1
0.5549 0.5549 1 0 3
0.4075 0.3287 0 1 1
0.5852 0.5849 0 0 1
0.2696 0.2696 0 0 3
0.4585 0.4373 0 1 1
0.5191 0.5191 1 0 2
0.4519 0.3585 0 1 1
0.3563 0.3563 0 1 1
0.1458 0.1458 0 1 1
0.1905 0.1905 0 0 1
0.6942 0.6942 1 0 1
0.2330 0.2330 0 0 1
0.2516 0.2515 1 0 2
0.6056 0.2983 1 0 3
0.4393 0.4259 1 0 1
0.8330 0.8330 1 0 1
0.6559 0.6559 1 0 1
0.1529 0.1529 0 0 3
0.1637 0.1636 0 0 3
0.6698 0.6698 1 0 1
0.1505 0.1505 0 0 1
0.4930 0.4930 0 0 1
0.5814 0.5814 0 0 3
0.5595 0.5595 0 1 1
0.3465 0.3465 1 0 1
0.2422 0.2422 0 0 1
0.9812 0.9154 1 0 3
0.5468 0.5443 1 0 3
0.9996 0.9969 1 0 3
0.3827 0.3826 0 0 2
0.1210 0.1199 0 0 2
0.8978 0.6957 0 0 1
0.3324 0.3163 0 0 2
0.6535 0.6535 1 0 1
0.1365 0.1365 0 0 1
0.2093 0.2039 0 0 1
0.4208 0.4126 1 0 3
0.9992 0.9970 1 0 2
0.3790 0.3790 0 0 3
0.2830 0.2824 0 0 1
0.2721 0.2721 0 0 1
0.4796 0.4796 1 0 3
0.8263 0.8039 0 0 3
0.2881 0.2881 0 0 3
0.4408 0.4362 1 0 1
0.6078 0.6078 0 0 1
0.1510 0.1510 0 0 1
0.3152 0.3152 1 0 1
0.2856 0.2856 1 0 1
0.2205 0.2205 0 0 3
0.9997 0.9931 1 0 3
0.9959 0.9958 1 0 3
1.0000 0.9996 1 0 2
0.1442 0.1441 0 0 2
0.1786 0.1784 0 0 3
0.7284 0.4544 0 0 1
0.3932 0.3117 0 0 3
0.5053 0.5041 0 1 1
0.7244 0.7143 1 0 1
0.9659 0.9659 1 0 3
0.9998 0.9975 1 0 2
0.6006 0.6005 1 0 3
0.9999 0.9998 1 0 2
0.7512 0.7181 0 1 1
0.4167 0.4167 0 0 3
0.9988 0.9968 1 0 1
0.1773 0.1773 0 1 2
0.9075 0.8907 1 0 1
0.4991 0.4991 1 0 1
0.1915 0.1915 0 0 3
0.3709 0.3700 0 1 1
0.3711 0.3711 0 0 1
0.2049 0.2049 0 0 1
0.3126 0.3126 0 0 3
0.9933 0.6439 1 0 3
0.9999 0.9942 1 0 3
0.3051 0.3050 0 0 1
0.2326 0.2326 0 0 1
0.2122 0.1802 0 0 2
0.5672 0.5672 0 0 3
0.2967 0.2967 0 0 2
0.2601 0.2433 0 0 1
0.9938 0.9903 1 0 1
0.7216 0.7216 1 0 1
0.2073 0.2073 0 1 1
0.1426 0.1426 1 0 3
0.9984 0.9930 1 0 3
0.5494 0.5474 1 0 3
0.1481 0.1347 0 0 2
0.3979 0.3518 0 0 1
0.8683 0.7964 1 0 2
0.9625 0.9622 1 0 1
0.4531 0.4531 0 0 1
0.6521 0.6266 0 1 1
0.3074 0.3074 1 0 1
0.3135 0.3135 0 0 3
0.9999 0.9995 1 0 3
0.4286 0.4276 0 0 1
0.6016 0.6016 0 0 3
0.2904 0.2904 0 0 3
0.1830 0.1830 0 1 1
0.3990 0.3523 0 0 1
0.1088 0.1088 1 0 3
0.3093 0.3093 0 0 1
0.5016 0.4170 0 1 3
0.6658 0.6658 1 0 3
0.9995 0.9209 1 0 3
0.9812 0.9780 0 1 3
0.9923 0.9919 1 0 1
0.4512 0.4512 0 0 1
0.6200 0.6200 0 1 2
0.3584 0.3584 1 0 1
0.2217 0.2217 0 0 2
0.3199 0.2413 0 0 1
0.1937 0.1937 0 0 3
0.9966 0.7022 1 0 1
0.9901 0.9901 1 0 1
0.3332 0.3332 1 0 1
0.1616 0.1616 1 0 1
0.4251 0.4251 0 0 3
0.1648 0.1647 0 0 3
0.4242 0.4242 1 0 3
1.0000 0.9990 1 0 3
0.8909 0.8909 1 0 3
0.2752 0.2751 0 0 1
0.6703 0.6703 0 0 2
0.5140 0.5140 0 0 2
0.5894 0.5894 0 1 1
0.3596 0.3596 0 0 3
0.3521 0.3502 0 0 1
0.4719 0.4719 0 0 1
0.2530 0.2530 0 0 1
1.0000 0.9960 1 0 3
0.9319 0.9318 0 0 3
0.3241 0.3241 0 0 2
0.1055 0.1046 0 0 1
0.4249 0.4249 0 0 1
0.6790 0.5545 0 0 1
0.3562 0.3340 1 0 1
0.1483 0.1483 0 0 1
0.4259 0.4015 0 1 1
0.9996 0.9913 1 0 1
0.6696 0.6696 1 0 1
0.2407 0.2407 0 0 1
0.2633 0.2633 0 1 3
1.0000 0.8692 1 0 3
0.9404 0.9403 1 0 3
0.9996 0.9994 1 0 2
0.7123 0.7112 0 0 1
0.3379 0.2730 1 0 3
0.9955 0.9436 1 0 1
0.1857 0.1857 0 0 3
0.5587 0.5587 0 0 1
0.3988 0.3988 0 0 1
0.4109 0.4109 1 0 3
0.9962 0.0000 1 0 3
0.9980 0.9976 1 0 1
0.4080 0.4080 0 0 1
0.0794 0.0700 0 0 3
0.5502 0.4265 0 0 1
0.3323 0.3323 0 1 1
0.1676 0.1676 0 0 1
0.1248 0.1248 0 0 1
0.6443 0.6442 0 1 1
0.3108 0.3108 1 0 1
0.1159 0.1159 0 0 2
0.3301 0.2902 1 0 1
0.4069 0.4069 1 0 3
0.4847 0.4847 0 0 3
1.0000 0.9955 1 0 2
0.5274 0.5155 0 0 3
0.5009 0.5009 0 0 1
0.6661 0.6661 1 0 1
0.1127 0.1127 0 0 2
0.4237 0.4237 0 0 3
0.6658 0.6583 0 0 1
0.3134 0.3001 0 0 3
0.9995 0.9360 1 0 3
0.2481 0.2167 1 0 1
0.3956 0.3956 0 1 3
0.4815 0.4684 0 1 1
0.9995 0.9126 1 0 3
1.0000 0.9717 1 0 3
1.0000 1.0000 1 0 3
1.0000 0.9836 1 0 3
1.0000 0.9988 1 0 3
0.8910 0.8733 1 0 3
1.0000 1.0000 1 0 3
1.0000 0.9980 1 0 3
1.0000 0.9992 1 0 3
0.9998 0.9998 1 0 3
0.9997 0.9934 1 0 3
0.9869 0.9856 1 0 3
0.9997 0.9971 1 0 2
0.3507 0.2517 1 0 1
0.2818 0.2818 0 0 2
0.4770 0.4669 1 0 1
0.6141 0.6141 0 1 1
0.4124 0.3291 1 0 1
0.2271 0.2271 0 1 2
0.3677 0.3677 0 0 1
0.6634 0.6634 0 0 1
0.9999 0.9378 1 0 2
0.6175 0.6174 1 0 1
0.8492 0.8492 1 0 3
0.4649 0.4649 1 0 2
0.8948 0.7250 1 0 1
0.3605 0.3605 0 0 3
0.9634 0.8236 1 0 3
0.9999 0.8002 1 0 3
0.5850 0.5850 1 0 3
0.9997 0.9584 1 0 3
0.9720 0.8164 1 0 3
1.0000 0.9774 1 0 3
1.0000 0.9911 1 0 3
1.0000 0.9312 1 0 3
0.9978 0.9961 1 0 1
0.9645 0.9645 1 0 2
0.4266 0.4266 1 0 1
0.7854 0.7854 1 0 3
1.0000 0.9685 1 0 3
0.9979 0.7444 1 0 3
0.4886 0.4874 0 1 1
0.6035 0.6035 0 0 2
0.2877 0.2877 1 0 3
0.9985 0.9503 0 1 3
1.0000 0.9999 1 0 2
0.4432 0.4069 1 0 1
0.4265 0.4265 0 1 1
0.6528 0.6528 0 1 3
0.6342 0.6330 1 0 1
0.7702 0.7702 1 0 1
0.6463 0.6463 1 0 1
0.2647 0.2647 1 0 1
0.2584 0.2584 0 0 1
0.5889 0.5889 0 1 2
0.2381 0.2381 0 0 1
0.4289 0.4215 0 1 3
0.6202 0.6195 0 1 2
1.0000 0.9999 1 0 2
0.6412 0.5943 0 0 2
0.2998 0.2998 1 0 1
0.7253 0.7253 1 0 1
0.9988 0.9988 1 0 1
0.7442 0.7442 1 0 1
0.2304 0.2304 0 0 3
0.2654 0.2654 0 1 2
0.2921 0.2921 1 0 1
0.5302 0.5302 1 0 1
0.7180 0.7180 1 0 1
0.4109 0.4109 1 0 1
0.5228 0.5228 1 0 1
0.3411 0.3411 0 0 1
0.2640 0.2408 0 0 2
0.9999 0.7860 1 0 2
0.4347 0.4335 0 1 1
0.8458 0.5058 0 0 1
0.5801 0.5535 1 0 1
0.3964 0.3964 0 1 1
0.2646 0.2646 1 0 2
0.5093 0.3685 1 0 1
0.4965 0.4965 1 0 2
0.4178 0.4143 1 0 1
0.8793 0.8793 1 0 1
0.3817 0.3817 1 0 1
0.1762 0.1762 0 0 1
0.1332 0.1041 0 0 1
0.4981 0.4981 0 1 2
0.9970 0.8620 1 0 3
1.0000 0.9993 1 0 1
0.4598 0.4598 1 0 3
1.0000 0.9957 1 0 1
0.6100 0.6100 1 0 3
0.9961 0.7513 1 0 3
1.0000 0.9901 1 0 3
1.0000 1.0000 1 0 3
0.9997 0.9966 1 0 3
1.0000 1.0000 1 0 3
0.9745 0.6331 1 0 3
0.6404 0.5683 0 1 1
0.8998 0.8694 1 0 3
0.9966 0.9881 1 0 1
0.3334 0.3334 1 0 1
0.3676 0.3676 0 0 1
0.3776 0.3776 0 1 1
0.4176 0.4176 0 0 1
0.6634 0.6634 0 0 1
0.5915 0.5780 0 0 1
0.6152 0.5504 0 0 3
0.6408 0.5424 1 0 1
0.4672 0.4672 1 0 1
0.9654 0.9654 1 0 1
0.4855 0.4855 1 0 3
0.1481 0.1336 0 0 1
0.5048 0.5048 1 0 1
0.4817 0.4817 0 0 1
0.4508 0.4508 0 1 2
0.3643 0.3643 1 0 1
0.1438 0.1438 0 0 1
0.5081 0.5081 0 0 1
0.6605 0.6605 0 0 1
0.5961 0.5961 0 0 1
0.1652 0.1652 0 0 1
0.6234 0.6234 0 1 1
0.2669 0.2652 1 0 1
0.9555 0.9555 1 0 3
0.6412 0.6262 1 0 3
0.9506 0.9378 1 0 1
0.2772 0.2772 0 1 1
0.5095 0.5095 1 0 3
0.9991 0.9990 1 0 3
0.9659 0.9657 1 0 1
0.3865 0.3865 0 1 1
0.2798 0.2798 0 0 1
0.5021 0.5021 1 0 3
0.4078 0.3179 1 0 1
0.9994 0.9994 1 0 3
0.7500 0.5351 0 1 2
0.6956 0.6584 1 0 3
1.0000 0.9500 1 0 3
0.9448 0.9441 1 0 3
0.6912 0.6892 0 0 2
0.9776 0.8168 1 0 3
0.7955 0.7952 1 0 3
0.9696 0.4920 1 0 2
0.8701 0.8700 1 0 3
0.9982 0.6638 1 0 3
1.0000 1.0000 1 0 1
0.4788 0.4788 0 1 3
0.9999 0.8911 1 0 1
0.5075 0.5075 0 0 3
1.0000 0.9990 1 0 3
1.0000 1.0000 1 0 3
0.9918 0.7736 1 0 3
0.9584 0.9422 1 0 3
1.0000 0.9995 1 0 3
1.0000 0.9598 1 0 3
1.0000 0.9982 1 0 3
1.0000 0.9982 1 0 3
1.0000 0.9996 1 0 3
1.0000 0.7262 1 0 3
0.9999 0.9847 1 0 3
1.0000 0.9064 1 0 3
0.9999 0.9998 1 0 3
0.9588 0.9588 1 0 3
1.0000 1.0000 1 0 3
0.7561 0.7561 0 0 3
0.3271 0.3271 0 0 3
0.8630 0.8626 0 0 2
1.0000 0.9992 1 0 1
0.8061 0.8061 0 0 3
1.0000 0.9995 1 0 3
1.0000 0.9969 1 0 3
1.0000 1.0000 1 0 3
1.0000 1.0000 1 0 3
1.0000 1.0000 1 0 3
1.0000 1.0000 1 0 3
0.9956 0.9956 1 0 3
0.9999 0.9978 1 0 3
0.9967 0.7406 1 0 3
0.9969 0.9959 1 0 1
0.7259 0.7259 1 0 3
0.9999 0.9950 1 0 3
0.9791 0.7986 1 0 3
1.0000 0.9830 1 0 3
0.9996 0.9868 1 0 3
0.9808 0.7261 1 0 3
0.9652 0.9641 1 0 3
0.4327 0.4327 0 0 3
1.0000 0.9993 1 0 3
1.0000 1.0000 1 0 3
1.0000 1.0000 1 0 3
0.9999 0.9999 1 0 3
1.0000 1.0000 1 0 3
1.0000 0.9998 1 0 3
1.0000 1.0000 1 0 3
0.9123 0.5464 1 0 3
0.6576 0.6572 1 0 2
0.5066 0.5046 0 1 3
0.9999 0.9625 1 0 3
0.9086 0.9084 1 0 3
0.9977 0.0000 1 0 3
0.9996 0.9996 1 0 3
0.9014 0.7480 1 0 3
0.4349 0.4349 0 0 1
1.0000 0.9997 1 0 2
0.8501 0.8501 1 0 3
1.0000 0.9245 1 0 1
0.6747 0.6747 0 0 2
0.9999 0.9998 1 0 3
0.9934 0.9730 1 0 3
1.0000 0.9860 1 0 3
1.0000 1.0000 1 0 3
1.0000 0.9985 1 0 3
0.9999 0.9998 1 0 3
0.0000 0.7500 1 0 5
0.4586 0.4174 1 0 3
0.2967 0.2901 0 0 3
0.4237 0.3364 1 0 1
0.2265 0.2265 0 1 3
0.3553 0.3524 0 1 3
0.5320 0.3893 0 1 1
0.5711 0.5711 1 0 3
0.9980 0.9504 1 0 3
0.9546 0.6648 1 0 2
0.5483 0.5479 0 1 1
0.9998 0.9140 1 0 2
0.5731 0.0000 1 0 1
0.4428 0.4428 0 0 1
0.2607 0.2607 0 0 1
0.5851 0.5078 1 0 3
0.3221 0.3221 0 0 1
0.5356 0.5356 0 0 1
0.6775 0.4647 1 0 1
0.2537 0.2537 0 1 2
0.6695 0.6695 1 0 1
0.7353 0.7353 1 0 1
0.3838 0.3838 1 0 2
0.5421 0.4667 1 0 1
0.6482 0.6482 1 0 1
0.1402 0.1402 0 1 1
0.6517 0.6517 1 0 2
0.2309 0.1900 0 0 1
0.2615 0.2615 0 1 2
0.6718 0.6718 1 0 3
0.5511 0.3182 1 0 1
0.3128 0.3128 1 0 1
0.2771 0.2771 1 0 2
0.3674 0.3229 0 0 1
0.6011 0.4991 0 1 1
0.5706 0.5706 1 0 1
0.2445 0.2445 0 0 1
0.4431 0.4431 0 0 1
0.6418 0.6418 1 0 1
0.5174 0.5174 1 0 2
0.4972 0.4972 1 0 1
0.4947 0.4947 1 0 3
0.5840 0.4423 0 1 3
0.6053 0.6053 0 0 3
0.9839 0.9833 1 0 3
0.9990 0.9926 1 0 1
1.0000 1.0000 1 0 3
1.0000 0.9995 1 0 2
0.6937 0.5119 0 0 3
0.8334 0.8316 1 0 2
0.4388 0.3364 0 1 3
0.3439 0.3069 0 1 2
0.5140 0.5140 0 0 2
0.3526 0.3335 0 1 1
0.3042 0.3042 0 0 2
0.7968 0.7804 1 0 1
0.1465 0.1465 0 0 1
0.3718 0.3718 1 0 3
0.3090 0.2774 1 0 1
0.2314 0.2314 0 1 1
0.6850 0.6850 1 0 1
0.1622 0.1622 0 0 1
0.2005 0.2005 0 0 1
0.2534 0.2452 0 0 1
0.1914 0.1568 1 0 3
0.4144 0.3215 0 1 1
1.0000 0.7901 1 0 2
0.5573 0.5573 0 1 1
0.4886 0.2549 0 1 1
0.4529 0.4528 0 0 1
0.5948 0.5948 1 0 1
0.4917 0.4917 1 0 1
0.2105 0.2105 1 0 1
0.6778 0.6778 1 0 1
0.4013 0.4013 1 0 1
0.4650 0.4650 1 0 1
0.5656 0.5656 1 0 2
0.3828 0.3436 0 0 1
0.3677 0.3677 1 0 1
0.4204 0.4204 1 0 1
0.3034 0.3034 0 1 2
0.5021 0.4931 0 0 2
0.1823 0.1511 0 0 1
0.2036 0.2036 0 1 1
0.2105 0.2105 0 0 2
0.3094 0.3094 0 0 1
0.4058 0.3025 0 0 1
0.6548 0.6548 1 0 1
0.4014 0.4014 1 0 1
0.4301 0.4301 1 0 1
0.1640 0.1640 0 0 1
0.4361 0.4361 0 0 1
0.6162 0.6075 0 1 1
0.5508 0.5508 1 0 1
0.6134 0.6134 1 0 1
0.5732 0.5732 1 0 2
0.1668 0.1654 0 1 1
0.2680 0.2680 1 0 3
0.6429 0.6334 1 0 1
0.5226 0.5226 1 0 1
0.1543 0.1543 0 0 2
0.3635 0.2942 0 0 1
0.9254 0.5478 1 0 2
0.1191 0.1180 0 0 1
0.6590 0.5007 1 0 2
0.2878 0.2748 0 0 1
0.4775 0.4775 1 0 2
0.2361 0.2361 0 0 1
0.5486 0.5486 1 0 1
0.5888 0.5888 1 0 1
0.1668 0.1668 0 1 1
0.3020 0.3020 0 0 1
0.8936 0.6371 1 0 1
0.6712 0.6712 1 0 1
0.3768 0.3768 0 1 1
0.6982 0.6982 0 0 1
0.6034 0.6034 0 1 3
0.2111 0.2096 0 0 1
0.3949 0.3949 1 0 1
0.5015 0.5015 1 0 1
0.5989 0.5989 1 0 1
0.2481 0.2481 1 0 1
0.2499 0.2499 0 0 1
0.4486 0.4486 1 0 1
0.2231 0.2231 0 0 1
0.1095 0.1095 0 0 2
0.3614 0.2970 1 0 1
0.1747 0.1747 1 0 1
0.0945 0.0945 0 0 1
0.6580 0.6580 1 0 3
0.5685 0.5320 0 1 1
0.3930 0.2877 1 0 1
0.9511 0.9511 1 0 1
0.4435 0.4435 1 0 1
0.7279 0.7279 0 0 2
0.5300 0.5300 1 0 2
0.2083 0.1869 0 0 1
0.1583 0.1273 1 0 1
0.4560 0.4560 1 0 3
0.5586 0.4772 0 0 1
0.6864 0.6864 1 0 1
0.3901 0.3901 0 0 1
0.1896 0.1896 0 1 2
0.6655 0.6655 0 1 3
0.2253 0.1879 0 1 3
0.4049 0.4049 0 0 3
0.3160 0.2760 0 0 1
0.3645 0.3645 0 1 1
0.2534 0.2042 0 0 1
0.2628 0.2044 0 0 1
0.3850 0.3413 0 1 1
0.2984 0.2984 0 0 1
0.4024 0.4003 1 0 1
0.7857 0.7857 0 1 1
0.6069 0.6069 1 0 1
0.4563 0.4563 1 0 1
0.6268 0.6268 0 0 1
0.6950 0.6950 1 0 1
0.2776 0.2776 0 0 1
0.2722 0.2722 0 0 1
0.6141 0.6077 1 0 1
0.8659 0.8659 1 0 2
0.5360 0.5360 0 1 2
0.4111 0.3012 0 0 2
0.5763 0.5763 0 0 3
0.5061 0.5058 1 0 2
0.9586 0.4024 1 0 1
0.3364 0.3364 0 0 1
0.3655 0.3436 0 0 1
0.4407 0.4407 0 0 3
0.6732 0.6732 0 1 1
0.4308 0.4136 0 0 1
0.3099 0.3099 0 0 1
0.3164 0.3164 0 1 2
0.6052 0.6052 1 0 2
0.1532 0.1279 0 0 1
0.1994 0.1699 0 1 1
0.2185 0.2185 0 1 1
0.2910 0.2235 1 0 1
0.1938 0.1938 0 0 2
0.4650 0.4650 1 0 1
0.4449 0.4449 0 1 1
0.6169 0.6169 1 0 1
0.1624 0.1624 1 0 1
0.3484 0.3484 1 0 1
0.5224 0.5224 1 0 1
0.4116 0.4116 0 0 3
0.3628 0.3430 0 0 1
0.6608 0.5591 1 0 3
0.7884 0.5708 0 0 2
0.5247 0.5247 0 0 1
0.7786 0.6802 0 0 3
0.5098 0.5098 1 0 1
0.4548 0.4548 0 0 1
0.5359 0.5359 1 0 3
0.4958 0.4105 0 0 1
0.5343 0.5292 1 0 2
0.1308 0.1301 0 0 2
0.2990 0.2990 1 0 1
0.8742 0.8742 0 0 1
0.2714 0.2714 0 1 1
0.3290 0.3079 1 0 3
0.4256 0.3289 1 0 1
0.2542 0.2542 0 0 1
0.6013 0.6013 1 0 1
0.3894 0.3894 1 0 1
0.6530 0.6530 1 0 1
0.8406 0.8406 1 0 1
0.6002 0.6002 1 0 2
0.6236 0.6141 1 0 1
0.5261 0.5261 1 0 2
0.7312 0.5722 1 0 1
0.1941 0.1941 1 0 1
0.6769 0.6769 1 0 1
0.5406 0.5406 1 0 2
0.3788 0.2909 1 0 1
0.7609 0.7609 1 0 1
0.4452 0.4452 1 0 3
0.9912 0.6640 1 0 1
0.7098 0.7098 1 0 3
0.8995 0.8975 0 0 1
0.6255 0.5925 1 0 2
0.4465 0.4199 0 1 1
0.3559 0.3559 0 0 1
0.6992 0.6992 0 1 1
0.3383 0.3383 0 0 1
0.2024 0.2024 0 0 1
0.2781 0.2781 0 0 1
0.4977 0.4850 1 0 2
0.2544 0.1967 0 1 1
0.4952 0.4952 1 0 1
0.3458 0.3458 0 0 1
0.5181 0.4926 0 1 3
0.6452 0.6452 1 0 1
0.2029 0.2029 1 0 1
0.6752 0.6752 1 0 1
0.6791 0.6791 1 0 1
0.6829 0.6829 1 0 2
0.0975 0.0971 0 0 1
0.1144 0.1144 1 0 1
0.1845 0.1845 0 0 1
0.5136 0.5136 0 0 1
0.3548 0.1965 1 0 2
0.3669 0.3457 0 0 1
0.4535 0.4535 0 1 1
0.4799 0.4799 1 0 1
0.5472 0.5472 1 0 3
0.0000 0.7500 0 0 5
0.6641 0.6641 1 0 1
0.2291 0.2291 0 0 1
0.2274 0.2274 1 0 1
0.3722 0.3722 1 0 2
0.1371 0.1041 0 0 1
0.2310 0.2310 1 0 1
0.3372 0.3372 0 0 1
0.3566 0.2630 1 0 1
0.2471 0.2471 0 0 1
0.3786 0.3786 0 0 1
0.4848 0.4848 0 1 1
0.3120 0.3120 0 0 1
0.1801 0.1801 0 0 1
0.4443 0.4443 1 0 1
0.3753 0.3753 0 1 1
0.1406 0.1405 0 0 1
0.2571 0.2172 0 0 1
0.8775 0.8185 1 0 1
0.4250 0.4250 0 1 3
0.9408 0.8456 1 0 1
0.4915 0.4915 1 0 3
0.3071 0.3071 0 1 1
0.6047 0.6047 1 0 1
0.2109 0.2109 0 1 1
0.3711 0.3711 1 0 1
0.6871 0.6871 1 0 2
0.6680 0.6629 1 0 1
0.6375 0.6375 1 0 1
0.2275 0.2275 1 0 1
0.7186 0.7186 1 0 2
0.2257 0.2073 0 0 1
0.4547 0.4547 1 0 1
0.1077 0.1077 0 1 3
0.4533 0.4533 0 0 1
1.0000 0.9026 1 0 2
0.6570 0.6474 1 0 1
0.4466 0.4466 1 0 3
1.0000 0.8589 1 0 1
0.4466 0.4466 1 0 1
0.4332 0.4332 0 0 1
0.3243 0.3243 0 0 2
0.2622 0.2486 0 0 1
0.6024 0.6024 1 0 2
0.7701 0.7318 1 0 1
0.6157 0.6157 0 1 1
0.4036 0.3580 1 0 1
